(* Content-type: application/vnd.wolfram.mathematica *)

(*** Wolfram Notebook File ***)
(* http://www.wolfram.com/nb *)

(* CreatedBy='Mathematica 9.0' *)

(*CacheID: 234*)
(* Internal cache information:
NotebookFileLineBreakTest
NotebookFileLineBreakTest
NotebookDataPosition[       157,          7]
NotebookDataLength[     37874,        986]
NotebookOptionsPosition[     36711,        945]
NotebookOutlinePosition[     37065,        961]
CellTagsIndexPosition[     37022,        958]
WindowFrame->Normal*)

(* Beginning of Notebook Content *)
Notebook[{

Cell[CellGroupData[{
Cell[BoxData[{
 RowBox[{
  RowBox[{"X", " ", "=", " ", 
   RowBox[{"N", "[", 
    RowBox[{"{", 
     RowBox[{
      RowBox[{"{", 
       RowBox[{"1", ",", "1", ",", "1"}], "}"}], ",", 
      RowBox[{"{", 
       RowBox[{
        RowBox[{"-", "1.1"}], ",", 
        RowBox[{"-", "1"}], ",", "1"}], "}"}], ",", 
      RowBox[{"{", 
       RowBox[{"1", ",", 
        RowBox[{"-", "1"}], ",", 
        RowBox[{"-", "1.3"}]}], "}"}], ",", 
      RowBox[{"{", 
       RowBox[{
        RowBox[{"-", "1"}], ",", "1", ",", 
        RowBox[{"-", "1"}]}], "}"}]}], "}"}], "]"}]}], 
  ";"}], "\[IndentingNewLine]", 
 RowBox[{"n", " ", "=", " ", 
  RowBox[{"Length", "[", "X", "]"}]}], "\[IndentingNewLine]", 
 RowBox[{
  RowBox[{"Print", "[", 
   RowBox[{"\"\<X=\>\"", ",", 
    RowBox[{"MatrixForm", "[", "X", "]"}]}], "]"}], 
  ";"}], "\[IndentingNewLine]", 
 RowBox[{
  RowBox[{"A", " ", "=", " ", 
   RowBox[{"Table", "[", 
    RowBox[{
     RowBox[{"Norm", "[", 
      RowBox[{
       RowBox[{"X", "[", 
        RowBox[{"[", "i", "]"}], "]"}], "-", 
       RowBox[{"X", "[", 
        RowBox[{"[", "j", "]"}], "]"}]}], "]"}], ",", 
     RowBox[{"{", 
      RowBox[{"i", ",", "n"}], "}"}], ",", 
     RowBox[{"{", 
      RowBox[{"j", ",", "n"}], "}"}]}], "]"}]}], ";"}], "\[IndentingNewLine]", 
 RowBox[{
  RowBox[{"Print", "[", 
   RowBox[{"\"\<A=\>\"", ",", 
    RowBox[{"MatrixForm", "[", "A", "]"}]}], "]"}], 
  ";"}], "\[IndentingNewLine]", 
 RowBox[{
  RowBox[{"deg", " ", "=", " ", 
   RowBox[{"DiagonalMatrix", "[", 
    RowBox[{"Table", "[", 
     RowBox[{
      RowBox[{"Apply", "[", 
       RowBox[{"Plus", ",", 
        RowBox[{"A", "[", 
         RowBox[{"[", "i", "]"}], "]"}]}], "]"}], ",", 
      RowBox[{"{", 
       RowBox[{"i", ",", "n"}], "}"}]}], "]"}], "]"}]}], 
  ";"}], "\[IndentingNewLine]", 
 RowBox[{
  RowBox[{"Print", "[", 
   RowBox[{"\"\<D=\>\"", ",", 
    RowBox[{"MatrixForm", "[", "deg", "]"}]}], "]"}], 
  ";"}], "\[IndentingNewLine]", 
 RowBox[{
  RowBox[{"L", " ", "=", " ", 
   RowBox[{"deg", "-", "A"}]}], ";"}], "\[IndentingNewLine]", 
 RowBox[{
  RowBox[{"Print", "[", 
   RowBox[{"\"\<L=\>\"", ",", 
    RowBox[{"MatrixForm", "[", "L", "]"}]}], "]"}], 
  ";"}], "\[IndentingNewLine]", 
 RowBox[{
  RowBox[{"p", " ", "=", " ", 
   RowBox[{"RandomSample", "[", 
    RowBox[{
     RowBox[{"Range", "[", "n", "]"}], ",", "n"}], "]"}]}], 
  ";"}], "\[IndentingNewLine]", 
 RowBox[{
  RowBox[{"Print", "[", 
   RowBox[{"\"\<permutation = \>\"", ",", "p"}], "]"}], 
  ";"}], "\[IndentingNewLine]", 
 RowBox[{
  RowBox[{"II", "=", " ", 
   RowBox[{"IdentityMatrix", "[", "n", "]"}]}], 
  ";"}], "\[IndentingNewLine]", 
 RowBox[{
  RowBox[{"P", " ", "=", " ", 
   RowBox[{"Table", "[", 
    RowBox[{
     RowBox[{"II", "[", 
      RowBox[{"[", 
       RowBox[{"p", "[", 
        RowBox[{"[", "i", "]"}], "]"}], "]"}], "]"}], ",", 
     RowBox[{"{", 
      RowBox[{"i", ",", "n"}], "}"}]}], "]"}]}], ";"}], "\[IndentingNewLine]", 
 RowBox[{
  RowBox[{
   RowBox[{"Print", "[", 
    RowBox[{"\"\<P = \>\"", ",", 
     RowBox[{"MatrixForm", "[", "P", "]"}]}], "]"}], ";"}], 
  "\[IndentingNewLine]"}], "\[IndentingNewLine]", 
 RowBox[{
  RowBox[{"B", " ", "=", " ", 
   RowBox[{"P", ".", "A", ".", 
    RowBox[{"Transpose", "[", "P", "]"}]}]}], ";"}], "\[IndentingNewLine]", 
 RowBox[{
  RowBox[{"Print", "[", 
   RowBox[{"\"\<B =\>\"", ",", 
    RowBox[{"MatrixForm", "[", "B", "]"}]}], "]"}], 
  "\[IndentingNewLine]"}], "\[IndentingNewLine]", 
 RowBox[{
  RowBox[{"esysL", " ", "=", " ", 
   RowBox[{"Eigensystem", "[", "L", "]"}]}], ";"}], "\[IndentingNewLine]", 
 RowBox[{
  RowBox[{"Print", "[", 
   RowBox[{"\"\<evals of L =\>\"", ",", 
    RowBox[{"MatrixForm", "[", 
     RowBox[{"esysL", "[", 
      RowBox[{"[", "1", "]"}], "]"}], "]"}]}], "]"}], 
  ";"}], "\[IndentingNewLine]", 
 RowBox[{
  RowBox[{"esysA", "=", 
   RowBox[{"Eigensystem", "[", "A", "]"}]}], ";"}], "\[IndentingNewLine]", 
 RowBox[{
  RowBox[{
   RowBox[{"esysB", " ", "=", 
    RowBox[{"Eigensystem", "[", "B", "]"}]}], ";"}], 
  "\[IndentingNewLine]"}], "\[IndentingNewLine]", 
 RowBox[{
  RowBox[{"Print", "[", 
   RowBox[{"\"\<evals of A,B = \>\"", ",", 
    RowBox[{"MatrixForm", "[", 
     RowBox[{"esysA", "[", 
      RowBox[{"[", "1", "]"}], "]"}], "]"}], ",", 
    RowBox[{"MatrixForm", "[", 
     RowBox[{"esysB", "[", 
      RowBox[{"[", "1", "]"}], "]"}], "]"}]}], "]"}], 
  "\[IndentingNewLine]"}], "\[IndentingNewLine]", 
 RowBox[{
  RowBox[{"EA", " ", "=", 
   RowBox[{"esysA", "[", 
    RowBox[{"[", "2", "]"}], "]"}]}], ";"}], "\[IndentingNewLine]", 
 RowBox[{
  RowBox[{"EB", "=", " ", 
   RowBox[{"esysB", "[", 
    RowBox[{"[", "2", "]"}], "]"}]}], ";"}], "\[IndentingNewLine]"}], "Input",\

 CellChangeTimes->{{3.616771004274947*^9, 3.6167710946558323`*^9}, {
  3.616771168856762*^9, 3.616771276661224*^9}, {3.61678537653708*^9, 
  3.616785413189022*^9}, {3.616785492057773*^9, 3.616785721560588*^9}, {
  3.61678579826642*^9, 3.616785824704692*^9}, {3.616786020190279*^9, 
  3.61678614886841*^9}, {3.616786385515254*^9, 3.616786492490295*^9}, {
  3.6167865981513367`*^9, 3.616786622333671*^9}, {3.616786667946311*^9, 
  3.616786721027953*^9}, {3.616786885206402*^9, 3.616786955653804*^9}, {
  3.6167871049967747`*^9, 3.616787217857646*^9}, {3.6167884564177523`*^9, 
  3.616788542921035*^9}, {3.616788598470725*^9, 3.616788652464655*^9}, {
  3.6167887049568987`*^9, 3.616788724621646*^9}, {3.6167888072998466`*^9, 
  3.6167888420456867`*^9}, {3.616792010696151*^9, 3.6167920510521708`*^9}, {
  3.616794564213282*^9, 3.6167945644415817`*^9}}],

Cell[BoxData["4"], "Output",
 CellChangeTimes->{{3.616788827251369*^9, 3.616788842644041*^9}, 
   3.6167920722585897`*^9, 3.616794565242283*^9}],

Cell[CellGroupData[{

Cell[BoxData[
 InterpretationBox[
  RowBox[{"\<\"X=\"\>", "\[InvisibleSpace]", 
   TagBox[
    RowBox[{"(", "\[NoBreak]", GridBox[{
       {"1.`", "1.`", "1.`"},
       {
        RowBox[{"-", "1.1`"}], 
        RowBox[{"-", "1.`"}], "1.`"},
       {"1.`", 
        RowBox[{"-", "1.`"}], 
        RowBox[{"-", "1.3`"}]},
       {
        RowBox[{"-", "1.`"}], "1.`", 
        RowBox[{"-", "1.`"}]}
      },
      GridBoxAlignment->{
       "Columns" -> {{Center}}, "ColumnsIndexed" -> {}, 
        "Rows" -> {{Baseline}}, "RowsIndexed" -> {}},
      GridBoxSpacings->{"Columns" -> {
          Offset[0.27999999999999997`], {
           Offset[0.7]}, 
          Offset[0.27999999999999997`]}, "ColumnsIndexed" -> {}, "Rows" -> {
          Offset[0.2], {
           Offset[0.4]}, 
          Offset[0.2]}, "RowsIndexed" -> {}}], "\[NoBreak]", ")"}],
    Function[BoxForm`e$, 
     MatrixForm[BoxForm`e$]]]}],
  SequenceForm["X=", 
   MatrixForm[{{1., 1., 1.}, {-1.1, -1., 1.}, {1., -1., -1.3}, {-1., 
    1., -1.}}]],
  Editable->False]], "Print",
 CellChangeTimes->{{3.6167888272534447`*^9, 3.616788842645472*^9}, 
   3.616792072259886*^9, 3.616794565243414*^9}],

Cell[BoxData[
 InterpretationBox[
  RowBox[{"\<\"A=\"\>", "\[InvisibleSpace]", 
   TagBox[
    RowBox[{"(", "\[NoBreak]", GridBox[{
       {"0.`", "2.9`", "3.047950130825634`", "2.8284271247461903`"},
       {"2.9`", "0.`", "3.1144823004794873`", "2.8301943396169813`"},
       {"3.047950130825634`", "3.1144823004794873`", "0.`", 
        "2.8442925306655784`"},
       {"2.8284271247461903`", "2.8301943396169813`", "2.8442925306655784`", 
        "0.`"}
      },
      GridBoxAlignment->{
       "Columns" -> {{Center}}, "ColumnsIndexed" -> {}, 
        "Rows" -> {{Baseline}}, "RowsIndexed" -> {}},
      GridBoxSpacings->{"Columns" -> {
          Offset[0.27999999999999997`], {
           Offset[0.7]}, 
          Offset[0.27999999999999997`]}, "ColumnsIndexed" -> {}, "Rows" -> {
          Offset[0.2], {
           Offset[0.4]}, 
          Offset[0.2]}, "RowsIndexed" -> {}}], "\[NoBreak]", ")"}],
    Function[BoxForm`e$, 
     MatrixForm[BoxForm`e$]]]}],
  SequenceForm["A=", 
   MatrixForm[{{0., 2.9, 3.047950130825634, 2.8284271247461903`}, {2.9, 0., 
    3.1144823004794873`, 2.8301943396169813`}, {3.047950130825634, 
    3.1144823004794873`, 0., 2.8442925306655784`}, {2.8284271247461903`, 
    2.8301943396169813`, 2.8442925306655784`, 0.}}]],
  Editable->False]], "Print",
 CellChangeTimes->{{3.6167888272534447`*^9, 3.616788842645472*^9}, 
   3.616792072259886*^9, 3.616794565244173*^9}],

Cell[BoxData[
 InterpretationBox[
  RowBox[{"\<\"D=\"\>", "\[InvisibleSpace]", 
   TagBox[
    RowBox[{"(", "\[NoBreak]", GridBox[{
       {"8.776377255571825`", "0.`", "0.`", "0.`"},
       {"0.`", "8.844676640096468`", "0.`", "0.`"},
       {"0.`", "0.`", "9.0067249619707`", "0.`"},
       {"0.`", "0.`", "0.`", "8.50291399502875`"}
      },
      GridBoxAlignment->{
       "Columns" -> {{Center}}, "ColumnsIndexed" -> {}, 
        "Rows" -> {{Baseline}}, "RowsIndexed" -> {}},
      GridBoxSpacings->{"Columns" -> {
          Offset[0.27999999999999997`], {
           Offset[0.7]}, 
          Offset[0.27999999999999997`]}, "ColumnsIndexed" -> {}, "Rows" -> {
          Offset[0.2], {
           Offset[0.4]}, 
          Offset[0.2]}, "RowsIndexed" -> {}}], "\[NoBreak]", ")"}],
    Function[BoxForm`e$, 
     MatrixForm[BoxForm`e$]]]}],
  SequenceForm["D=", 
   MatrixForm[{{8.776377255571825, 0., 0., 0.}, {0., 8.844676640096468, 0., 
    0.}, {0., 0., 9.0067249619707, 0.}, {0., 0., 0., 8.50291399502875}}]],
  Editable->False]], "Print",
 CellChangeTimes->{{3.6167888272534447`*^9, 3.616788842645472*^9}, 
   3.616792072259886*^9, 3.616794565245227*^9}],

Cell[BoxData[
 InterpretationBox[
  RowBox[{"\<\"L=\"\>", "\[InvisibleSpace]", 
   TagBox[
    RowBox[{"(", "\[NoBreak]", GridBox[{
       {"8.776377255571825`", 
        RowBox[{"-", "2.9`"}], 
        RowBox[{"-", "3.047950130825634`"}], 
        RowBox[{"-", "2.8284271247461903`"}]},
       {
        RowBox[{"-", "2.9`"}], "8.844676640096468`", 
        RowBox[{"-", "3.1144823004794873`"}], 
        RowBox[{"-", "2.8301943396169813`"}]},
       {
        RowBox[{"-", "3.047950130825634`"}], 
        RowBox[{"-", "3.1144823004794873`"}], "9.0067249619707`", 
        RowBox[{"-", "2.8442925306655784`"}]},
       {
        RowBox[{"-", "2.8284271247461903`"}], 
        RowBox[{"-", "2.8301943396169813`"}], 
        RowBox[{"-", "2.8442925306655784`"}], "8.50291399502875`"}
      },
      GridBoxAlignment->{
       "Columns" -> {{Center}}, "ColumnsIndexed" -> {}, 
        "Rows" -> {{Baseline}}, "RowsIndexed" -> {}},
      GridBoxSpacings->{"Columns" -> {
          Offset[0.27999999999999997`], {
           Offset[0.7]}, 
          Offset[0.27999999999999997`]}, "ColumnsIndexed" -> {}, "Rows" -> {
          Offset[0.2], {
           Offset[0.4]}, 
          Offset[0.2]}, "RowsIndexed" -> {}}], "\[NoBreak]", ")"}],
    Function[BoxForm`e$, 
     MatrixForm[BoxForm`e$]]]}],
  SequenceForm["L=", 
   MatrixForm[{{
    8.776377255571825, -2.9, -3.047950130825634, -2.8284271247461903`}, {-2.9,
     8.844676640096468, -3.1144823004794873`, -2.8301943396169813`}, \
{-3.047950130825634, -3.1144823004794873`, 
    9.0067249619707, -2.8442925306655784`}, {-2.8284271247461903`, \
-2.8301943396169813`, -2.8442925306655784`, 8.50291399502875}}]],
  Editable->False]], "Print",
 CellChangeTimes->{{3.6167888272534447`*^9, 3.616788842645472*^9}, 
   3.616792072259886*^9, 3.6167945652462883`*^9}],

Cell[BoxData[
 InterpretationBox[
  RowBox[{"\<\"permutation = \"\>", "\[InvisibleSpace]", 
   RowBox[{"{", 
    RowBox[{"2", ",", "4", ",", "1", ",", "3"}], "}"}]}],
  SequenceForm["permutation = ", {2, 4, 1, 3}],
  Editable->False]], "Print",
 CellChangeTimes->{{3.6167888272534447`*^9, 3.616788842645472*^9}, 
   3.616792072259886*^9, 3.616794565247326*^9}],

Cell[BoxData[
 InterpretationBox[
  RowBox[{"\<\"P = \"\>", "\[InvisibleSpace]", 
   TagBox[
    RowBox[{"(", "\[NoBreak]", GridBox[{
       {"0", "1", "0", "0"},
       {"0", "0", "0", "1"},
       {"1", "0", "0", "0"},
       {"0", "0", "1", "0"}
      },
      GridBoxAlignment->{
       "Columns" -> {{Center}}, "ColumnsIndexed" -> {}, 
        "Rows" -> {{Baseline}}, "RowsIndexed" -> {}},
      GridBoxSpacings->{"Columns" -> {
          Offset[0.27999999999999997`], {
           Offset[0.7]}, 
          Offset[0.27999999999999997`]}, "ColumnsIndexed" -> {}, "Rows" -> {
          Offset[0.2], {
           Offset[0.4]}, 
          Offset[0.2]}, "RowsIndexed" -> {}}], "\[NoBreak]", ")"}],
    Function[BoxForm`e$, 
     MatrixForm[BoxForm`e$]]]}],
  SequenceForm["P = ", 
   MatrixForm[{{0, 1, 0, 0}, {0, 0, 0, 1}, {1, 0, 0, 0}, {0, 0, 1, 0}}]],
  Editable->False]], "Print",
 CellChangeTimes->{{3.6167888272534447`*^9, 3.616788842645472*^9}, 
   3.616792072259886*^9, 3.616794565248302*^9}],

Cell[BoxData[
 InterpretationBox[
  RowBox[{"\<\"B =\"\>", "\[InvisibleSpace]", 
   TagBox[
    RowBox[{"(", "\[NoBreak]", GridBox[{
       {"0.`", "2.8301943396169813`", "2.9`", "3.1144823004794873`"},
       {"2.8301943396169813`", "0.`", "2.8284271247461903`", 
        "2.8442925306655784`"},
       {"2.9`", "2.8284271247461903`", "0.`", "3.047950130825634`"},
       {"3.1144823004794873`", "2.8442925306655784`", "3.047950130825634`", 
        "0.`"}
      },
      GridBoxAlignment->{
       "Columns" -> {{Center}}, "ColumnsIndexed" -> {}, 
        "Rows" -> {{Baseline}}, "RowsIndexed" -> {}},
      GridBoxSpacings->{"Columns" -> {
          Offset[0.27999999999999997`], {
           Offset[0.7]}, 
          Offset[0.27999999999999997`]}, "ColumnsIndexed" -> {}, "Rows" -> {
          Offset[0.2], {
           Offset[0.4]}, 
          Offset[0.2]}, "RowsIndexed" -> {}}], "\[NoBreak]", ")"}],
    Function[BoxForm`e$, 
     MatrixForm[BoxForm`e$]]]}],
  SequenceForm["B =", 
   MatrixForm[{{0., 2.8301943396169813`, 2.9, 3.1144823004794873`}, {
    2.8301943396169813`, 0., 2.8284271247461903`, 2.8442925306655784`}, {2.9, 
    2.8284271247461903`, 0., 3.047950130825634}, {3.1144823004794873`, 
    2.8442925306655784`, 3.047950130825634, 0.}}]],
  Editable->False]], "Print",
 CellChangeTimes->{{3.6167888272534447`*^9, 3.616788842645472*^9}, 
   3.616792072259886*^9, 3.6167945652492313`*^9}],

Cell[BoxData[
 InterpretationBox[
  RowBox[{"\<\"evals of L =\"\>", "\[InvisibleSpace]", 
   TagBox[
    RowBox[{"(", "\[NoBreak]", 
     TagBox[GridBox[{
        {"12.092059638891332`"},
        {"11.701699524760066`"},
        {"11.336933689016352`"},
        {"1.0658141036401503`*^-14"}
       },
       GridBoxAlignment->{
        "Columns" -> {{Center}}, "ColumnsIndexed" -> {}, 
         "Rows" -> {{Baseline}}, "RowsIndexed" -> {}},
       GridBoxSpacings->{"Columns" -> {
           Offset[0.27999999999999997`], {
            Offset[0.5599999999999999]}, 
           Offset[0.27999999999999997`]}, "ColumnsIndexed" -> {}, "Rows" -> {
           Offset[0.2], {
            Offset[0.4]}, 
           Offset[0.2]}, "RowsIndexed" -> {}}],
      Column], "\[NoBreak]", ")"}],
    Function[BoxForm`e$, 
     MatrixForm[BoxForm`e$]]]}],
  SequenceForm["evals of L =", 
   MatrixForm[{12.092059638891332`, 11.701699524760066`, 11.336933689016352`, 
    1.0658141036401503`*^-14}]],
  Editable->False]], "Print",
 CellChangeTimes->{{3.6167888272534447`*^9, 3.616788842645472*^9}, 
   3.616792072259886*^9, 3.61679456525019*^9}],

Cell[BoxData[
 InterpretationBox[
  RowBox[{"\<\"evals of A,B = \"\>", "\[InvisibleSpace]", 
   TagBox[
    RowBox[{"(", "\[NoBreak]", 
     TagBox[GridBox[{
        {"8.78553221702228`"},
        {
         RowBox[{"-", "3.150105125140302`"}]},
        {
         RowBox[{"-", "2.8959507182746966`"}]},
        {
         RowBox[{"-", "2.7394763736072907`"}]}
       },
       GridBoxAlignment->{
        "Columns" -> {{Center}}, "ColumnsIndexed" -> {}, 
         "Rows" -> {{Baseline}}, "RowsIndexed" -> {}},
       GridBoxSpacings->{"Columns" -> {
           Offset[0.27999999999999997`], {
            Offset[0.5599999999999999]}, 
           Offset[0.27999999999999997`]}, "ColumnsIndexed" -> {}, "Rows" -> {
           Offset[0.2], {
            Offset[0.4]}, 
           Offset[0.2]}, "RowsIndexed" -> {}}],
      Column], "\[NoBreak]", ")"}],
    Function[BoxForm`e$, 
     MatrixForm[BoxForm`e$]]], "\[InvisibleSpace]", 
   TagBox[
    RowBox[{"(", "\[NoBreak]", 
     TagBox[GridBox[{
        {"8.785532217022283`"},
        {
         RowBox[{"-", "3.1501051251403`"}]},
        {
         RowBox[{"-", "2.8959507182746966`"}]},
        {
         RowBox[{"-", "2.73947637360729`"}]}
       },
       GridBoxAlignment->{
        "Columns" -> {{Center}}, "ColumnsIndexed" -> {}, 
         "Rows" -> {{Baseline}}, "RowsIndexed" -> {}},
       GridBoxSpacings->{"Columns" -> {
           Offset[0.27999999999999997`], {
            Offset[0.5599999999999999]}, 
           Offset[0.27999999999999997`]}, "ColumnsIndexed" -> {}, "Rows" -> {
           Offset[0.2], {
            Offset[0.4]}, 
           Offset[0.2]}, "RowsIndexed" -> {}}],
      Column], "\[NoBreak]", ")"}],
    Function[BoxForm`e$, 
     MatrixForm[BoxForm`e$]]]}],
  SequenceForm["evals of A,B = ", 
   MatrixForm[{
    8.78553221702228, -3.150105125140302, -2.8959507182746966`, \
-2.7394763736072907`}], 
   MatrixForm[{
    8.785532217022283, -3.1501051251403, -2.8959507182746966`, \
-2.73947637360729}]],
  Editable->False]], "Print",
 CellChangeTimes->{{3.6167888272534447`*^9, 3.616788842645472*^9}, 
   3.616792072259886*^9, 3.616794565252119*^9}]
}, Open  ]]
}, Open  ]],

Cell[CellGroupData[{

Cell[BoxData[{
 RowBox[{"Print", "[", 
  RowBox[{
   RowBox[{"MatrixForm", "[", "EA", "]"}], ",", 
   RowBox[{"MatrixForm", "[", "EB", "]"}]}], "]"}], "\[IndentingNewLine]", 
 RowBox[{
  RowBox[{"EAp", " ", "=", " ", 
   RowBox[{
    RowBox[{"Transpose", "[", "P", "]"}], ".", "EA"}]}], 
  ";"}], "\[IndentingNewLine]", 
 RowBox[{"MatrixForm", "[", "EAp", "]"}], "\[IndentingNewLine]", 
 RowBox[{
  RowBox[{"MatrixForm", "[", 
   RowBox[{"Chop", "[", 
    RowBox[{"EAp", "-", "EB"}], "]"}], "]"}], 
  "\[IndentingNewLine]"}], "\[IndentingNewLine]", 
 RowBox[{
  RowBox[{"e1A", " ", "=", " ", 
   RowBox[{"Table", "[", 
    RowBox[{
     RowBox[{"{", 
      RowBox[{
       RowBox[{"EA", "[", 
        RowBox[{"[", 
         RowBox[{"1", ",", "i"}], "]"}], "]"}], ",", "i"}], "}"}], ",", 
     RowBox[{"{", 
      RowBox[{"i", ",", "n"}], "}"}]}], "]"}]}], ";"}], "\[IndentingNewLine]", 
 RowBox[{
  RowBox[{"e1B", " ", "=", 
   RowBox[{"Table", "[", 
    RowBox[{
     RowBox[{"{", " ", 
      RowBox[{
       RowBox[{"EB", "[", 
        RowBox[{"[", 
         RowBox[{"1", ",", "i"}], "]"}], "]"}], ",", "i"}], "}"}], ",", 
     RowBox[{"{", 
      RowBox[{"i", ",", "n"}], "}"}]}], "]"}]}], ";"}], "\[IndentingNewLine]", 
 RowBox[{"sA", "=", 
  RowBox[{"Sort", "[", 
   RowBox[{"e1A", ",", 
    RowBox[{
     RowBox[{
      RowBox[{"#1", "[", 
       RowBox[{"[", "1", "]"}], "]"}], "<", 
      RowBox[{"#2", "[", 
       RowBox[{"[", "1", "]"}], "]"}]}], "&"}]}], 
   "]"}]}], "\[IndentingNewLine]", 
 RowBox[{"sB", "=", 
  RowBox[{"Sort", "[", 
   RowBox[{"e1B", ",", 
    RowBox[{
     RowBox[{
      RowBox[{"#1", "[", 
       RowBox[{"[", "1", "]"}], "]"}], "<", 
      RowBox[{"#2", "[", 
       RowBox[{"[", "1", "]"}], "]"}]}], "&"}]}], 
   "]"}]}], "\[IndentingNewLine]", 
 RowBox[{
  RowBox[{"map", "=", 
   RowBox[{"Table", "[", 
    RowBox[{"0", ",", 
     RowBox[{"{", 
      RowBox[{"i", ",", "n"}], "}"}]}], "]"}]}], ";"}], "\[IndentingNewLine]", 
 RowBox[{
  RowBox[{"Do", "[", 
   RowBox[{
    RowBox[{
     RowBox[{"map", "[", 
      RowBox[{"[", 
       RowBox[{"sB", "[", 
        RowBox[{"[", 
         RowBox[{"i", ",", "2"}], "]"}], "]"}], "]"}], "]"}], "=", 
     RowBox[{"sA", "[", 
      RowBox[{"[", 
       RowBox[{"i", ",", "2"}], "]"}], "]"}]}], ",", 
    RowBox[{"{", 
     RowBox[{"i", ",", "n"}], "}"}]}], "]"}], ";"}], "\[IndentingNewLine]", 
 RowBox[{
  RowBox[{"Print", "[", 
   RowBox[{"\"\<lamdbda sort:\>\"", ",", "map"}], "]"}], 
  ";"}], "\[IndentingNewLine]", 
 RowBox[{
  RowBox[{
   RowBox[{"Print", "[", 
    RowBox[{"\"\<permutation :\>\"", ",", "p"}], "]"}], ";"}], 
  "\[IndentingNewLine]"}], "\[IndentingNewLine]", 
 RowBox[{
  RowBox[{"R", " ", "=", " ", 
   RowBox[{"Table", "[", 
    RowBox[{
     RowBox[{"{", 
      RowBox[{
       RowBox[{"Norm", "[", 
        RowBox[{"X", "[", 
         RowBox[{"[", "i", "]"}], "]"}], "]"}], ",", "i"}], "}"}], ",", 
     RowBox[{"{", 
      RowBox[{"i", ",", "n"}], "}"}]}], "]"}]}], ";"}], "\[IndentingNewLine]", 
 RowBox[{
  RowBox[{"rA", "=", 
   RowBox[{"Sort", "[", 
    RowBox[{"R", ",", 
     RowBox[{
      RowBox[{
       RowBox[{"#1", "[", 
        RowBox[{"[", "1", "]"}], "]"}], "<", 
       RowBox[{"#2", "[", 
        RowBox[{"[", "1", "]"}], "]"}]}], "&"}]}], "]"}]}], 
  ";"}], "\[IndentingNewLine]", 
 RowBox[{
  RowBox[{"rB", "=", 
   RowBox[{"Sort", "[", 
    RowBox[{
     RowBox[{"P", ".", "R"}], ",", 
     RowBox[{
      RowBox[{
       RowBox[{"#1", "[", 
        RowBox[{"[", "1", "]"}], "]"}], "<", 
       RowBox[{"#2", "[", 
        RowBox[{"[", "1", "]"}], "]"}]}], "&"}]}], "]"}]}], 
  ";"}], "\[IndentingNewLine]", 
 RowBox[{
  RowBox[{"Do", "[", 
   RowBox[{
    RowBox[{
     RowBox[{"map", "[", 
      RowBox[{"[", 
       RowBox[{"rB", "[", 
        RowBox[{"[", 
         RowBox[{"i", ",", "2"}], "]"}], "]"}], "]"}], "]"}], "=", 
     RowBox[{"rA", "[", 
      RowBox[{"[", 
       RowBox[{"i", ",", "2"}], "]"}], "]"}]}], ",", 
    RowBox[{"{", 
     RowBox[{"i", ",", "n"}], "}"}]}], "]"}], ";"}], "\[IndentingNewLine]", 
 RowBox[{
  RowBox[{"Print", "[", 
   RowBox[{"\"\<r       sort:\>\"", ",", "map"}], "]"}], ";"}]}], "Input",
 CellChangeTimes->{{3.616771004274947*^9, 3.6167710946558323`*^9}, {
   3.616771168856762*^9, 3.616771276661224*^9}, {3.61678537653708*^9, 
   3.616785413189022*^9}, {3.616785492057773*^9, 3.616785721560588*^9}, {
   3.61678579826642*^9, 3.616785824704692*^9}, {3.616786020190279*^9, 
   3.61678614886841*^9}, {3.616786385515254*^9, 3.616786492490295*^9}, {
   3.6167865981513367`*^9, 3.616786622333671*^9}, {3.616786667946311*^9, 
   3.616786721027953*^9}, {3.616786885206402*^9, 3.616787007010713*^9}, {
   3.616788390111374*^9, 3.616788397020544*^9}, 3.616788554566164*^9, {
   3.616788902907156*^9, 3.6167889407528057`*^9}, {3.6167900358453503`*^9, 
   3.616790223031528*^9}, {3.616790256611575*^9, 3.6167903578366737`*^9}, {
   3.6167903916686907`*^9, 3.616790400155093*^9}, {3.61679205772677*^9, 
   3.616792141900702*^9}, {3.616794583739635*^9, 3.616794601118506*^9}, {
   3.6167946795485497`*^9, 3.616794837680204*^9}}],

Cell[BoxData[
 InterpretationBox[
  RowBox[{
   TagBox[
    RowBox[{"(", "\[NoBreak]", GridBox[{
       {
        RowBox[{"-", "0.4997421615186445`"}], 
        RowBox[{"-", "0.5027168389839886`"}], 
        RowBox[{"-", "0.5095079079501653`"}], 
        RowBox[{"-", "0.4877860632888829`"}]},
       {
        RowBox[{"-", "0.32160738197333494`"}], 
        RowBox[{"-", "0.5301411622504524`"}], "0.7823537525492122`", 
        "0.05866554201712443`"},
       {"0.7846322483465472`", 
        RowBox[{"-", "0.6075922138424783`"}], 
        RowBox[{"-", "0.08229755153625774`"}], 
        RowBox[{"-", "0.09171177429193887`"}]},
       {
        RowBox[{"-", "0.17657490964339476`"}], 
        RowBox[{"-", "0.3115410559905105`"}], 
        RowBox[{"-", "0.3486422387197932`"}], "0.8661478286627493`"}
      },
      GridBoxAlignment->{
       "Columns" -> {{Center}}, "ColumnsIndexed" -> {}, 
        "Rows" -> {{Baseline}}, "RowsIndexed" -> {}},
      GridBoxSpacings->{"Columns" -> {
          Offset[0.27999999999999997`], {
           Offset[0.7]}, 
          Offset[0.27999999999999997`]}, "ColumnsIndexed" -> {}, "Rows" -> {
          Offset[0.2], {
           Offset[0.4]}, 
          Offset[0.2]}, "RowsIndexed" -> {}}], "\[NoBreak]", ")"}],
    Function[BoxForm`e$, 
     MatrixForm[BoxForm`e$]]], "\[InvisibleSpace]", 
   TagBox[
    RowBox[{"(", "\[NoBreak]", GridBox[{
       {
        RowBox[{"-", "0.5027168389839884`"}], 
        RowBox[{"-", "0.48778606328888263`"}], 
        RowBox[{"-", "0.49974216151864437`"}], 
        RowBox[{"-", "0.509507907950165`"}]},
       {
        RowBox[{"-", "0.5301411622504538`"}], "0.058665542017124095`", 
        RowBox[{"-", "0.3216073819733333`"}], "0.7823537525492119`"},
       {"0.6075922138424763`", "0.09171177429194072`", 
        RowBox[{"-", "0.7846322483465481`"}], "0.08229755153625887`"},
       {"0.3115410559905115`", 
        RowBox[{"-", "0.8661478286627492`"}], "0.17657490964339295`", 
        "0.3486422387197931`"}
      },
      GridBoxAlignment->{
       "Columns" -> {{Center}}, "ColumnsIndexed" -> {}, 
        "Rows" -> {{Baseline}}, "RowsIndexed" -> {}},
      GridBoxSpacings->{"Columns" -> {
          Offset[0.27999999999999997`], {
           Offset[0.7]}, 
          Offset[0.27999999999999997`]}, "ColumnsIndexed" -> {}, "Rows" -> {
          Offset[0.2], {
           Offset[0.4]}, 
          Offset[0.2]}, "RowsIndexed" -> {}}], "\[NoBreak]", ")"}],
    Function[BoxForm`e$, 
     MatrixForm[BoxForm`e$]]]}],
  SequenceForm[
   MatrixForm[{{-0.4997421615186445, -0.5027168389839886, \
-0.5095079079501653, -0.4877860632888829}, {-0.32160738197333494`, \
-0.5301411622504524, 0.7823537525492122, 0.05866554201712443}, {
    0.7846322483465472, -0.6075922138424783, -0.08229755153625774, \
-0.09171177429193887}, {-0.17657490964339476`, -0.3115410559905105, \
-0.3486422387197932, 0.8661478286627493}}], 
   MatrixForm[{{-0.5027168389839884, -0.48778606328888263`, \
-0.49974216151864437`, -0.509507907950165}, {-0.5301411622504538, 
    0.058665542017124095`, -0.3216073819733333, 0.7823537525492119}, {
    0.6075922138424763, 0.09171177429194072, -0.7846322483465481, 
    0.08229755153625887}, {0.3115410559905115, -0.8661478286627492, 
    0.17657490964339295`, 0.3486422387197931}}]],
  Editable->False]], "Print",
 CellChangeTimes->{{3.6167869887589273`*^9, 3.616787007996334*^9}, 
   3.616788397589012*^9, 3.616788854219*^9, {3.6167889040486307`*^9, 
   3.616788911897141*^9}, 3.616790098920886*^9, 3.616790175322365*^9, {
   3.616790208044053*^9, 3.616790223642084*^9}, 3.616790363699587*^9, {
   3.616790394145092*^9, 3.616790400830225*^9}, {3.6167920681205473`*^9, 
   3.616792075867613*^9}, {3.616792121025303*^9, 3.616792155177915*^9}, 
   3.616794570199523*^9, 3.616794603984432*^9, 3.616794691691504*^9, {
   3.6167947916873503`*^9, 3.616794838159648*^9}}],

Cell[BoxData[
 TagBox[
  RowBox[{"(", "\[NoBreak]", GridBox[{
     {"0.7846322483465472`", 
      RowBox[{"-", "0.6075922138424783`"}], 
      RowBox[{"-", "0.08229755153625774`"}], 
      RowBox[{"-", "0.09171177429193887`"}]},
     {
      RowBox[{"-", "0.4997421615186445`"}], 
      RowBox[{"-", "0.5027168389839886`"}], 
      RowBox[{"-", "0.5095079079501653`"}], 
      RowBox[{"-", "0.4877860632888829`"}]},
     {
      RowBox[{"-", "0.17657490964339476`"}], 
      RowBox[{"-", "0.3115410559905105`"}], 
      RowBox[{"-", "0.3486422387197932`"}], "0.8661478286627493`"},
     {
      RowBox[{"-", "0.32160738197333494`"}], 
      RowBox[{"-", "0.5301411622504524`"}], "0.7823537525492122`", 
      "0.05866554201712443`"}
    },
    GridBoxAlignment->{
     "Columns" -> {{Center}}, "ColumnsIndexed" -> {}, "Rows" -> {{Baseline}}, 
      "RowsIndexed" -> {}},
    GridBoxSpacings->{"Columns" -> {
        Offset[0.27999999999999997`], {
         Offset[0.7]}, 
        Offset[0.27999999999999997`]}, "ColumnsIndexed" -> {}, "Rows" -> {
        Offset[0.2], {
         Offset[0.4]}, 
        Offset[0.2]}, "RowsIndexed" -> {}}], "\[NoBreak]", ")"}],
  Function[BoxForm`e$, 
   MatrixForm[BoxForm`e$]]]], "Output",
 CellChangeTimes->{{3.616771070909861*^9, 3.616771091070331*^9}, {
   3.616771260267643*^9, 3.616771277427981*^9}, 3.61678541405792*^9, 
   3.616785500269148*^9, 3.616785585766061*^9, {3.61678565416881*^9, 
   3.616785712830676*^9}, {3.6167858155015993`*^9, 3.616785825296618*^9}, {
   3.616786048945424*^9, 3.616786150155183*^9}, 3.6167864308878193`*^9, {
   3.616786474349257*^9, 3.616786492940844*^9}, 3.616786623379657*^9, {
   3.616786708409048*^9, 3.6167867220615807`*^9}, {3.616786900487995*^9, 
   3.6167870079975967`*^9}, 3.6167883975902557`*^9, 3.616788854220582*^9, {
   3.6167889040497627`*^9, 3.616788911898305*^9}, 3.616790098922324*^9, 
   3.616790175323598*^9, {3.6167902080453587`*^9, 3.6167902236437893`*^9}, 
   3.6167903637008057`*^9, {3.6167903941462507`*^9, 3.616790400831833*^9}, {
   3.616792068123349*^9, 3.616792075868823*^9}, {3.6167921210265417`*^9, 
   3.616792155179123*^9}, 3.61679457020126*^9, 3.6167946039858007`*^9, 
   3.61679469169273*^9, {3.616794791688583*^9, 3.61679483816105*^9}}],

Cell[BoxData[
 TagBox[
  RowBox[{"(", "\[NoBreak]", GridBox[{
     {"1.2873490873305355`", 
      RowBox[{"-", "0.11980615055359567`"}], "0.41744460998238664`", 
      "0.4177961336582261`"},
     {"0.030399000731809345`", 
      RowBox[{"-", "0.5613823810011127`"}], 
      RowBox[{"-", "0.18790052597683204`"}], 
      RowBox[{"-", "1.2701398158380948`"}]},
     {
      RowBox[{"-", "0.784167123485871`"}], 
      RowBox[{"-", "0.40325283028245124`"}], "0.4359900096267549`", 
      "0.7838502771264905`"},
     {
      RowBox[{"-", "0.6331484379638465`"}], "0.3360066664122968`", 
      "0.6057788429058193`", 
      RowBox[{"-", "0.2899766967026687`"}]}
    },
    GridBoxAlignment->{
     "Columns" -> {{Center}}, "ColumnsIndexed" -> {}, "Rows" -> {{Baseline}}, 
      "RowsIndexed" -> {}},
    GridBoxSpacings->{"Columns" -> {
        Offset[0.27999999999999997`], {
         Offset[0.7]}, 
        Offset[0.27999999999999997`]}, "ColumnsIndexed" -> {}, "Rows" -> {
        Offset[0.2], {
         Offset[0.4]}, 
        Offset[0.2]}, "RowsIndexed" -> {}}], "\[NoBreak]", ")"}],
  Function[BoxForm`e$, 
   MatrixForm[BoxForm`e$]]]], "Output",
 CellChangeTimes->{{3.616771070909861*^9, 3.616771091070331*^9}, {
   3.616771260267643*^9, 3.616771277427981*^9}, 3.61678541405792*^9, 
   3.616785500269148*^9, 3.616785585766061*^9, {3.61678565416881*^9, 
   3.616785712830676*^9}, {3.6167858155015993`*^9, 3.616785825296618*^9}, {
   3.616786048945424*^9, 3.616786150155183*^9}, 3.6167864308878193`*^9, {
   3.616786474349257*^9, 3.616786492940844*^9}, 3.616786623379657*^9, {
   3.616786708409048*^9, 3.6167867220615807`*^9}, {3.616786900487995*^9, 
   3.6167870079975967`*^9}, 3.6167883975902557`*^9, 3.616788854220582*^9, {
   3.6167889040497627`*^9, 3.616788911898305*^9}, 3.616790098922324*^9, 
   3.616790175323598*^9, {3.6167902080453587`*^9, 3.6167902236437893`*^9}, 
   3.6167903637008057`*^9, {3.6167903941462507`*^9, 3.616790400831833*^9}, {
   3.616792068123349*^9, 3.616792075868823*^9}, {3.6167921210265417`*^9, 
   3.616792155179123*^9}, 3.61679457020126*^9, 3.6167946039858007`*^9, 
   3.61679469169273*^9, {3.616794791688583*^9, 3.616794838162573*^9}}],

Cell[BoxData[
 RowBox[{"{", 
  RowBox[{
   RowBox[{"{", 
    RowBox[{
     RowBox[{"-", "0.5095079079501653`"}], ",", "3"}], "}"}], ",", 
   RowBox[{"{", 
    RowBox[{
     RowBox[{"-", "0.5027168389839886`"}], ",", "2"}], "}"}], ",", 
   RowBox[{"{", 
    RowBox[{
     RowBox[{"-", "0.4997421615186445`"}], ",", "1"}], "}"}], ",", 
   RowBox[{"{", 
    RowBox[{
     RowBox[{"-", "0.4877860632888829`"}], ",", "4"}], "}"}]}], 
  "}"}]], "Output",
 CellChangeTimes->{{3.616771070909861*^9, 3.616771091070331*^9}, {
   3.616771260267643*^9, 3.616771277427981*^9}, 3.61678541405792*^9, 
   3.616785500269148*^9, 3.616785585766061*^9, {3.61678565416881*^9, 
   3.616785712830676*^9}, {3.6167858155015993`*^9, 3.616785825296618*^9}, {
   3.616786048945424*^9, 3.616786150155183*^9}, 3.6167864308878193`*^9, {
   3.616786474349257*^9, 3.616786492940844*^9}, 3.616786623379657*^9, {
   3.616786708409048*^9, 3.6167867220615807`*^9}, {3.616786900487995*^9, 
   3.6167870079975967`*^9}, 3.6167883975902557`*^9, 3.616788854220582*^9, {
   3.6167889040497627`*^9, 3.616788911898305*^9}, 3.616790098922324*^9, 
   3.616790175323598*^9, {3.6167902080453587`*^9, 3.6167902236437893`*^9}, 
   3.6167903637008057`*^9, {3.6167903941462507`*^9, 3.616790400831833*^9}, {
   3.616792068123349*^9, 3.616792075868823*^9}, {3.6167921210265417`*^9, 
   3.616792155179123*^9}, 3.61679457020126*^9, 3.6167946039858007`*^9, 
   3.61679469169273*^9, {3.616794791688583*^9, 3.616794838163877*^9}}],

Cell[BoxData[
 RowBox[{"{", 
  RowBox[{
   RowBox[{"{", 
    RowBox[{
     RowBox[{"-", "0.509507907950165`"}], ",", "4"}], "}"}], ",", 
   RowBox[{"{", 
    RowBox[{
     RowBox[{"-", "0.5027168389839884`"}], ",", "1"}], "}"}], ",", 
   RowBox[{"{", 
    RowBox[{
     RowBox[{"-", "0.49974216151864437`"}], ",", "3"}], "}"}], ",", 
   RowBox[{"{", 
    RowBox[{
     RowBox[{"-", "0.48778606328888263`"}], ",", "2"}], "}"}]}], 
  "}"}]], "Output",
 CellChangeTimes->{{3.616771070909861*^9, 3.616771091070331*^9}, {
   3.616771260267643*^9, 3.616771277427981*^9}, 3.61678541405792*^9, 
   3.616785500269148*^9, 3.616785585766061*^9, {3.61678565416881*^9, 
   3.616785712830676*^9}, {3.6167858155015993`*^9, 3.616785825296618*^9}, {
   3.616786048945424*^9, 3.616786150155183*^9}, 3.6167864308878193`*^9, {
   3.616786474349257*^9, 3.616786492940844*^9}, 3.616786623379657*^9, {
   3.616786708409048*^9, 3.6167867220615807`*^9}, {3.616786900487995*^9, 
   3.6167870079975967`*^9}, 3.6167883975902557`*^9, 3.616788854220582*^9, {
   3.6167889040497627`*^9, 3.616788911898305*^9}, 3.616790098922324*^9, 
   3.616790175323598*^9, {3.6167902080453587`*^9, 3.6167902236437893`*^9}, 
   3.6167903637008057`*^9, {3.6167903941462507`*^9, 3.616790400831833*^9}, {
   3.616792068123349*^9, 3.616792075868823*^9}, {3.6167921210265417`*^9, 
   3.616792155179123*^9}, 3.61679457020126*^9, 3.6167946039858007`*^9, 
   3.61679469169273*^9, {3.616794791688583*^9, 3.616794838164956*^9}}],

Cell[CellGroupData[{

Cell[BoxData[
 InterpretationBox[
  RowBox[{"\<\"lamdbda sort:\"\>", "\[InvisibleSpace]", 
   RowBox[{"{", 
    RowBox[{"2", ",", "4", ",", "1", ",", "3"}], "}"}]}],
  SequenceForm["lamdbda sort:", {2, 4, 1, 3}],
  Editable->False]], "Print",
 CellChangeTimes->{{3.6167869887589273`*^9, 3.616787007996334*^9}, 
   3.616788397589012*^9, 3.616788854219*^9, {3.6167889040486307`*^9, 
   3.616788911897141*^9}, 3.616790098920886*^9, 3.616790175322365*^9, {
   3.616790208044053*^9, 3.616790223642084*^9}, 3.616790363699587*^9, {
   3.616790394145092*^9, 3.616790400830225*^9}, {3.6167920681205473`*^9, 
   3.616792075867613*^9}, {3.616792121025303*^9, 3.616792155177915*^9}, 
   3.616794570199523*^9, 3.616794603984432*^9, 3.616794691691504*^9, {
   3.6167947916873503`*^9, 3.616794838165862*^9}}],

Cell[BoxData[
 InterpretationBox[
  RowBox[{"\<\"permutation :\"\>", "\[InvisibleSpace]", 
   RowBox[{"{", 
    RowBox[{"2", ",", "4", ",", "1", ",", "3"}], "}"}]}],
  SequenceForm["permutation :", {2, 4, 1, 3}],
  Editable->False]], "Print",
 CellChangeTimes->{{3.6167869887589273`*^9, 3.616787007996334*^9}, 
   3.616788397589012*^9, 3.616788854219*^9, {3.6167889040486307`*^9, 
   3.616788911897141*^9}, 3.616790098920886*^9, 3.616790175322365*^9, {
   3.616790208044053*^9, 3.616790223642084*^9}, 3.616790363699587*^9, {
   3.616790394145092*^9, 3.616790400830225*^9}, {3.6167920681205473`*^9, 
   3.616792075867613*^9}, {3.616792121025303*^9, 3.616792155177915*^9}, 
   3.616794570199523*^9, 3.616794603984432*^9, 3.616794691691504*^9, {
   3.6167947916873503`*^9, 3.616794838166493*^9}}],

Cell[BoxData[
 InterpretationBox[
  RowBox[{"\<\"r       sort:\"\>", "\[InvisibleSpace]", 
   RowBox[{"{", 
    RowBox[{"4", ",", "2", ",", "3", ",", "1"}], "}"}]}],
  SequenceForm["r       sort:", {4, 2, 3, 1}],
  Editable->False]], "Print",
 CellChangeTimes->{{3.6167869887589273`*^9, 3.616787007996334*^9}, 
   3.616788397589012*^9, 3.616788854219*^9, {3.6167889040486307`*^9, 
   3.616788911897141*^9}, 3.616790098920886*^9, 3.616790175322365*^9, {
   3.616790208044053*^9, 3.616790223642084*^9}, 3.616790363699587*^9, {
   3.616790394145092*^9, 3.616790400830225*^9}, {3.6167920681205473`*^9, 
   3.616792075867613*^9}, {3.616792121025303*^9, 3.616792155177915*^9}, 
   3.616794570199523*^9, 3.616794603984432*^9, 3.616794691691504*^9, {
   3.6167947916873503`*^9, 3.61679483816759*^9}}]
}, Open  ]]
}, Open  ]]
},
WindowSize->{635, 675},
WindowMargins->{{4, Automatic}, {Automatic, 4}},
FrontEndVersion->"9.0 for Mac OS X x86 (32-bit, 64-bit Kernel) (January 25, \
2013)",
StyleDefinitions->"Default.nb"
]
(* End of Notebook Content *)

(* Internal cache information *)
(*CellTagsOutline
CellTagsIndex->{}
*)
(*CellTagsIndex
CellTagsIndex->{}
*)
(*NotebookFileOutline
Notebook[{
Cell[CellGroupData[{
Cell[579, 22, 5562, 159, 488, "Input"],
Cell[6144, 183, 144, 2, 28, "Output"],
Cell[CellGroupData[{
Cell[6313, 189, 1159, 33, 70, "Print"],
Cell[7475, 224, 1405, 31, 70, "Print"],
Cell[8883, 257, 1163, 27, 70, "Print"],
Cell[10049, 286, 1807, 43, 70, "Print"],
Cell[11859, 331, 360, 8, 22, "Print"],
Cell[12222, 341, 1000, 26, 70, "Print"],
Cell[13225, 369, 1409, 31, 70, "Print"],
Cell[14637, 402, 1128, 29, 72, "Print"],
Cell[15768, 433, 2134, 60, 70, "Print"]
}, Open  ]]
}, Open  ]],
Cell[CellGroupData[{
Cell[17951, 499, 5092, 150, 335, "Input"],
Cell[23046, 651, 3860, 84, 144, "Print"],
Cell[26909, 737, 2244, 46, 92, "Output"],
Cell[29156, 785, 2171, 44, 150, "Output"],
Cell[31330, 831, 1470, 29, 28, "Output"],
Cell[32803, 862, 1471, 29, 28, "Output"],
Cell[CellGroupData[{
Cell[34299, 895, 793, 14, 21, "Print"],
Cell[35095, 911, 793, 14, 22, "Print"],
Cell[35891, 927, 792, 14, 21, "Print"]
}, Open  ]]
}, Open  ]]
}
]
*)

(* End of internal cache information *)
